79.9 274.7
119.9 245.8
211.6 260.9
251.6 285.9
185.8 277.2
126.4 267.1
335.5 287.2
385.9 252.1
445.3 243.3
496.9 272.1
445.3 264.6
385.9 274.7
104.4 321.1
138.0 307.3
166.4 302.3
189.6 308.5
214.2 324.8
139.3 329.9
167.7 333.6
192.2 333.6
365.2 322.3
391.0 307.3
416.9 299.8
444.0 306.0
472.4 319.8
392.3 329.9
420.7 329.9
449.1 329.9
261.9 324.8
327.8 326.1
240.0 400.1
347.1 401.4
224.5 436.5
371.7 431.5
261.9 445.3
336.8 444.0
240.0 452.8
354.9 454.1
303.2 456.6
183.2 489.2
229.7 485.4
268.4 481.7
296.8 486.7
323.9 480.4
354.9 486.7
407.8 486.7
223.2 501.8
265.8 506.8
298.1 509.3
335.5 508.0
366.5 500.5
240.0 523.1
272.3 541.9
303.2 550.7
338.1 538.1
370.4 519.3
302.0 132.9
193.5 135.4
126.4 173.0
72.2 233.2
51.5 280.9
48.9 322.3
48.9 391.3
63.1 440.3
77.3 493.0
108.3 538.1
159.9 585.8
223.2 623.5
295.5 637.3
353.6 632.3
411.7 604.6
462.0 573.3
502.1 501.8
518.8 461.6
534.3 403.9
531.8 318.6
520.1 278.4
480.1 223.2
436.2 170.5
379.4 134.1
