117.3 186.8
167.7 147.9
221.9 156.7
247.7 175.5
207.7 166.8
162.5 163.0
367.8 175.5
414.3 158.0
463.3 151.7
500.8 186.8
459.5 161.7
422.0 168.0
156.1 245.8
181.9 230.7
203.8 229.5
227.1 235.8
246.4 254.6
178.0 258.3
203.8 260.9
228.4 258.3
373.0 253.3
397.5 234.5
424.6 228.2
445.3 235.8
462.0 248.3
401.4 258.3
423.3 257.1
442.7 257.1
283.9 252.1
339.4 253.3
268.4 353.7
356.2 356.2
247.7 396.4
373.0 397.6
278.7 397.6
335.5 396.4
265.8 415.2
357.5 415.2
307.1 417.7
223.2 484.2
255.5 471.6
286.5 462.9
308.4 467.9
331.6 460.4
357.5 475.4
384.6 488.0
254.2 493.0
282.6 496.7
308.4 499.3
335.5 499.3
361.3 495.5
245.1 506.8
273.6 529.4
309.7 546.9
339.4 534.4
366.5 515.6
309.7 11.2
205.1 7.4
129.0 11.2
98.0 120.3
77.3 203.1
74.7 247.1
79.9 321.1
92.8 396.4
118.6 486.7
145.7 541.9
192.2 605.9
243.9 646.1
295.5 659.9
339.4 649.8
394.9 624.7
442.7 582.1
485.3 510.5
503.4 455.3
526.6 365.0
543.4 258.3
538.2 199.4
524.0 132.9
496.9 28.7
419.4 9.9
